image_width: 1920
image_height: 1080
camera_name: narrow_stereo
camera_matrix:
  rows: 3
  cols: 3
  data: [1398.361895, 0.000000, 932.929186, 0.000000, 1402.461744, 565.350825, 0.000000, 0.000000, 1.000000]
distortion_model: plumb_bob
distortion_coefficients:
  rows: 1
  cols: 5
  data: [0.120233, -0.156595, 0.003481, -0.004578, 0.000000]
rectification_matrix:
  rows: 3
  cols: 3
  data: [1.000000, 0.000000, 0.000000, 0.000000, 1.000000, 0.000000, 0.000000, 0.000000, 1.000000]
projection_matrix:
  rows: 3
  cols: 4
  data: [1428.447388, 0.000000, 922.802254, 0.000000, 0.000000, 1438.993164, 567.968487, 0.000000, 0.000000, 0.000000, 1.000000, 0.000000]
